exemplo 0 
exemplo True 
exemplo 0.42857142857142855 
exemplo [[0 1 1 0 0 1 0]
 [1 0 1 0 0 0 0]
 [1 1 0 1 1 1 0]
 [0 0 1 0 1 0 1]
 [0 0 1 1 0 0 0]
 [1 0 1 0 0 0 1]
 [0 0 0 1 0 1 0]] 
exemplo [[0. 1. 1. 0. 0. 1. 0. 0.]
 [1. 0. 1. 0. 0. 0. 0. 0.]
 [1. 1. 0. 1. 1. 1. 0. 0.]
 [0. 0. 1. 0. 1. 0. 1. 0.]
 [0. 0. 1. 1. 0. 0. 0. 0.]
 [1. 0. 1. 0. 0. 0. 1. 0.]
 [0. 0. 0. 1. 0. 1. 0. 0.]
 [0. 0. 0. 0. 0. 0. 0. 0.]] 
exemplo [[0. 1. 1. 0. 0. 1. 0. 0.]
 [1. 0. 0. 0. 0. 0. 0. 0.]
 [1. 0. 0. 1. 1. 1. 0. 0.]
 [0. 0. 1. 0. 1. 0. 1. 0.]
 [0. 0. 1. 1. 0. 0. 0. 0.]
 [1. 0. 1. 0. 0. 0. 1. 0.]
 [0. 0. 0. 1. 0. 1. 0. 0.]
 [0. 0. 0. 0. 0. 0. 0. 0.]] 
