ponte 20 
ponte 20 
ponte 20 
ponte 2 
ponte True 
ponte None 
ponte [[0 2 2 1]
 [2 0 1 1]
 [2 1 0 1]
 [1 1 1 0]] 
ponte [[0. 2. 2. 1. 0.]
 [2. 0. 1. 1. 0.]
 [2. 1. 0. 1. 0.]
 [1. 1. 1. 0. 0.]
 [0. 0. 0. 0. 0.]] 
ponte [[0. 2. 2. 1. 0.]
 [2. 0. 0. 1. 0.]
 [2. 0. 0. 1. 0.]
 [1. 1. 1. 0. 0.]
 [0. 0. 0. 0. 0.]] 
ponte 2 
ponte True 
ponte 0.25 
ponte [[0 2 2 1]
 [2 0 1 1]
 [2 1 0 1]
 [1 1 1 0]] 
ponte [[0. 2. 2. 1. 0.]
 [2. 0. 1. 1. 0.]
 [2. 1. 0. 1. 0.]
 [1. 1. 1. 0. 0.]
 [0. 0. 0. 0. 0.]] 
ponte [[0. 2. 2. 1. 0.]
 [2. 0. 0. 1. 0.]
 [2. 0. 0. 1. 0.]
 [1. 1. 1. 0. 0.]
 [0. 0. 0. 0. 0.]] 
ponte 2 
ponte True 
ponte 0.25 
ponte [[0 2 2 1]
 [2 0 1 1]
 [2 1 0 1]
 [1 1 1 0]] 
ponte [[0. 2. 2. 1. 0.]
 [2. 0. 1. 1. 0.]
 [2. 1. 0. 1. 0.]
 [1. 1. 1. 0. 0.]
 [0. 0. 0. 0. 0.]] 
ponte [[0. 2. 2. 1. 0.]
 [2. 0. 0. 1. 0.]
 [2. 0. 0. 1. 0.]
 [1. 1. 1. 0. 0.]
 [0. 0. 0. 0. 0.]] 
